32
49
20
80
19
8
38
52
93
30
95
71
62
28
78
26
25
17
63
56
2
56
50
57
10
61
99
36
52
93
67
29
36
62
78
55
66
78
97
81
56
51
93
66
40
85
72
40
15
57
34
19
79
72
36
76
99
63
70
57
9
3
99
1
63
66
36
99
50
24
60
47
20
81
1
51
63
83
17
24
88
60
22
95
59
49
50
63
27
3
55
4
8
40
73
54
51
92
4
74
50
73
89
91
97
87
98
97
72
85
13
16
46
47
68
48
80
5
41
14
16
73
73
47
68
56
39
80
9
47
99
70
79
42
74
16
70
30
98
72
50
52
91
41
89
40
57
61
71
25
73
47
52
89
58
77
99
43
24
41
48
19
89
25
86
43
36
4
72
52
78
51
7
68
64
63
81
33
57
29
99
78
9
83
74
53
18
89
84
97
17
28
7
57
25
32
63
66
55
47
4
53
88
19
47
22
40
83
26
95
95
67
85
95
42
69
10
6
51
33
25
46
20
75
36
51
44
49
44
33
99
16
78
11
25
46
89
90
36
52
13
35
64
89
2
50
42
12
16
55
22
58
16
22
22
57
33
14
83
96
78
91
39
93
95
80
88
75
70
95
80
20
69
98
21
90
82
31
73
86
9
33
34
88
11
42
99
56
89
67
14
75
8
40
74
22
95
70
94
22
61
67
41
21
75
3
88
18
2
32
75
2
41
97
87
45
58
50
83
53
80
33
85
4
82
5
13
30
25
99
94
12
37
52
25
42
91
13
14
9
54
82
55
58
92
12
35
11
52
29
63
45
87
41
41
29
81
38
39
70
90
59
93
3
37
63
65
88
72
46
53
45
37
75
99
98
78
28
12
70
69
3
78
95
36
49
25
96
11
96
61
54
74
43
18
94
89
53
21
29
46
46
38
7
75
19
9
13
42
43
50
53
27
68
1
87
80
97
66
87
39
69
78
76
84
99
71
93
57
5
10
25
7
82
24
23
64
72
20
18
41
12
54
68
46
8
28
6
42
31
14
91
86
33
89
77
68
62
22
76
47
15
56
37
33
25
46
44
44
78
24
9
77
48
47
27
15
10
30
76
71
65
51
27
90
18
39
74
93
47
54
2
50
44
70
26
56
17
35
21
62
84
62
64
7
6
15
38
86
62
63
59
32
45
5
82
64
30
47
16
86
72
50
97
24
22
58
33
78
21
71
97
75
10
15
87
3
86
20
85
4
1
87
31
84
95
70
6
40
88
62
27
70
20
34
90
34
64
41
85
47
81
60
65
91
65
83
23
31
17
79
77
10
62
13
86
84
20
14
28
52
53
93
90
59
45
28
56
75
25
54
39
46
35
38
22
41
23
40
19
13
47
75
24
9
85
17
8
7
48
6
15
51
14
33
94
88
70
7
47
37
28
48
6
63
41
31
75
24
90
45
61
80
94
16
6
78
69
81
73
28
20
49
27
19
39
87
32
2
44
34
70
17
92
81
84
98
69
60
68
54
42
84
17
3
44
35
57
98
28
16
19
89
33
20
18
79
21
87
24
54
98
73
80
56
75
45
87
13
31
7
10
10
14
19
85
36
32
24
74
5
31
34
73
28
16
81
83
73
64
5
77
81
36
14
55
68
5
61
28
99
47
44
67
21
7
10
75
14
34
82
47
97
13
20
23
65
99
52
41
93
61
15
49
26
29
28
73
99
64
18
32
71
96
75
58
86
67
53
22
7
6
70
40
82
58
80
69
17
91
90
68
52
21
34
38
33
95
41
92
78
36
76
50
16
50
76
1
38
61
37
97
47
30
34
88
91
74
66
68
49
59
56
9
73
49
79
51
62
37
25
91
26
60
43
70
29
20
24
32
81
79
31
55
54
92
21
23
86
46
47
58
29
72
43
20
79
68
77
66
71
26
39
2
37
45
72
86
87
63
59
71
51
35
87
69
28
2
54
80
29
56
64
16
89
67
62
53
18
23
91
61
43
57
60
55
41
30
19
10
21
34
36
23
87
76
8
94
85
74
92
78
15
96
38
15
61
23
12
69
83
19
69
64
72
97
28
93
74
32
28
97
82
45
59
94
21
42
29
14
59
67
68
43
31
13
46
46
20
46
93
19
19
50
26
3
64
72
50
89
48
15
21
53
46
95
96
70
38
43
94
20
93
97
10
16
50
26
34
60
51
82
73
29
38
10
79
33
19
56
30
49
91
39
66
45
47
15
97
36
16
76
9
76
51
74
25
21
40
11
53
39
39
90
38
66
41
92
16
37
